S001,63,73,81
S002,60,60,97
S003,78,67,65
S004,100,78,58
S005,64,79,65
C001,38,26,31,1545802396
C002,24,9,31,1545770059
C003,11,14,31,1545770059
C004,36,1,31,1545820728
C005,31,15,31,1545837023
C006,12,32,31,1545843388
C007,13,12,31,1545802396
C008,32,6,31,1545820728
C009,29,22,31,1545770489
C010,21,37,31,1545786967
C011,23,16,31,1545843388
C012,18,12,31,1545820728
C013,5,33,31,1545843388
C014,20,24,31,1545820728
C015,17,30,31,1545817739
C016,2,34,31,1545820728
C017,3,34,31,1545770059
C018,4,17,31,1545784229
C019,34,24,31,1545802396
C020,31,8,31,1545843388
C021,12,5,31,1545786967
C022,1,21,31,1545786967
C023,27,3,31,1545820728
C024,23,21,31,1545837023
C025,23,31,31,1545843388
C026,38,38,31,1545817739
C027,20,31,31,1545843388
C028,3,6,31,1545786967
C029,30,32,31,1545837023
C030,1,28,31,1545843388
C031,4,12,31,1545770489
C032,20,18,31,1545770489
C033,24,38,31,1545837023
C034,30,37,31,1545820728
C035,19,24,31,1545770059
C036,34,35,31,1545837023
C037,30,38,31,1545770489
C038,1,26,31,1545802396
C039,26,29,31,1545802396
C040,5,36,31,1545770059
C041,14,7,31,1545843388
C042,6,16,31,1545802396
C043,23,27,31,1545770059
C044,8,35,31,1545802396
C045,13,3,31,1545820728
C046,37,17,31,1545802396
C047,38,1,31,1545786967
C048,31,30,31,1545786967
C049,9,26,31,1545802396
C050,12,21,31,1545843388
C051,13,10,31,1545786967
C052,9,17,31,1545802396
C053,38,12,31,1545786967
C054,39,1,31,1545786967
C055,26,4,31,1545786967
