S001,89,68,82
S002,94,88,82
S003,65,76,56
S004,75,50,51
S005,75,90,68
C001,11,5,30,1546057335
C002,39,14,30,1546042255
C003,8,27,30,1546024033
C004,8,34,30,1546105047
C005,31,5,30,1546087727
C006,11,5,30,1546047047
C007,7,31,30,1546087727
C008,33,15,30,1546024033
C009,34,3,30,1546087727
C010,20,30,30,1546087727
C011,11,13,30,1546105047
C012,5,18,30,1546024033
C013,22,7,30,1546047047
C014,17,8,30,1546020736
C015,9,3,30,1546087727
C016,38,28,30,1546020736
C017,7,38,30,1546019173
C018,1,35,30,1546047047
C019,6,38,30,1546076424
C020,1,17,30,1546047047
C021,38,14,30,1546019173
C022,3,29,30,1546042255
C023,26,34,30,1546076424
C024,14,16,30,1546024033
C025,18,1,30,1546019173
C026,27,25,30,1546076424
C027,23,15,30,1546047047
C028,36,3,30,1546047047
C029,29,17,30,1546024033
C030,7,23,30,1546105047
C031,34,26,30,1546042255
C032,11,11,30,1546105047
C033,21,33,30,1546105047
C034,40,33,30,1546057335
C035,14,2,30,1546019173
C036,10,1,30,1546087727
C037,13,4,30,1546047047
C038,30,8,30,1546024033
C039,12,2,30,1546105047
C040,6,17,30,1546105047
C041,7,4,30,1546042255
C042,5,5,30,1546019173
C043,3,1,30,1546057335
C044,1,29,30,1546087727
C045,16,5,30,1546057335
C046,33,12,30,1546019173
C047,7,39,30,1546042255
C048,33,12,30,1546042255
C049,31,10,30,1546057335
C050,38,28,30,1546042255
C051,36,24,30,1546057335
C052,7,40,30,1546042255
C053,19,38,30,1546047047
C054,8,27,30,1546024033
C055,5,14,30,1546057335
C056,16,17,30,1546105047
C057,16,13,30,1546057335
C058,25,8,30,1546042255
C059,33,11,30,1546019173
C060,11,21,30,1546019173
C061,19,15,30,1546076424
C062,9,15,30,1546020736
C063,4,17,30,1546105047
C064,5,39,30,1546047047
C065,29,25,30,1546087727
C066,27,21,30,1546042255
C067,1,28,30,1546047047
C068,29,38,30,1546020736
C069,35,19,30,1546057335
C070,20,3,30,1546105047
C071,25,14,30,1546019173
C072,31,40,30,1546024033
C073,11,1,30,1546047047
C074,28,11,30,1546020736
C075,16,20,30,1546047047
C076,1,22,30,1546047047
C077,5,2,30,1546087727
C078,25,10,30,1546076424
C079,1,30,30,1546020736
C080,17,26,30,1546042255
C081,13,40,30,1546042255
C082,15,23,30,1546076424
C083,31,5,30,1546057335
C084,36,38,30,1546024033
C085,25,30,30,1546076424
C086,14,23,30,1546087727
C087,6,2,30,1546076424
C088,15,12,30,1546105047
C089,38,18,30,1546042255
C090,3,10,30,1546020736
C091,19,33,30,1546047047
C092,27,33,30,1546087727
C093,34,6,30,1546024033
C094,23,35,30,1546020736
C095,25,4,30,1546076424
C096,32,1,30,1546024033
C097,16,37,30,1546076424
C098,26,7,30,1546042255
C099,37,28,30,1546076424
C100,15,6,30,1546042255
C101,24,32,30,1546020736
C102,8,1,30,1546057335
C103,27,18,30,1546047047
C104,37,31,30,1546057335
C105,1,20,30,1546042255
C106,32,4,30,1546057335
C107,12,26,30,1546105047
C108,20,15,30,1546087727
C109,31,18,30,1546019173
C110,32,8,30,1546020736
C111,28,14,30,1546047047
C112,15,31,30,1546105047
C113,8,38,30,1546057335
C114,6,17,30,1546105047
C115,6,14,30,1546042255
C116,21,26,30,1546105047
C117,19,35,30,1546057335
C118,8,20,30,1546020736
C119,12,27,30,1546019173
C120,32,20,30,1546105047
C121,13,8,30,1546019173
C122,20,23,30,1546019173
C123,20,12,30,1546024033
C124,32,23,30,1546019173
C125,24,3,30,1546087727
C126,21,11,30,1546076424
C127,6,1,30,1546024033
C128,10,27,30,1546019173
C129,29,18,30,1546019173
C130,37,34,30,1546076424
C131,25,13,30,1546076424
C132,31,12,30,1546020736
C133,16,7,30,1546019173
C134,9,30,30,1546105047
C135,35,36,30,1546057335
C136,37,14,30,1546020736
C137,19,37,30,1546105047
C138,7,10,30,1546042255
C139,10,5,30,1546105047
C140,31,32,30,1546024033
C141,36,12,30,1546020736
C142,11,33,30,1546042255
C143,21,18,30,1546076424
C144,11,30,30,1546057335
C145,38,14,30,1546047047
C146,3,4,30,1546105047
C147,25,28,30,1546087727
C148,10,21,30,1546042255
C149,14,39,30,1546105047
C150,16,16,30,1546105047
C151,22,38,30,1546087727
C152,10,16,30,1546047047
C153,9,29,30,1546047047
C154,9,26,30,1546042255
C155,3,24,30,1546024033
C156,3,18,30,1546019173
C157,15,2,30,1546042255
C158,22,5,30,1546047047
C159,38,14,30,1546076424
C160,22,2,30,1546020736
C161,37,7,30,1546020736
C162,23,6,30,1546019173
C163,34,1,30,1546047047
C164,30,26,30,1546020736
C165,16,6,30,1546057335
C166,20,1,30,1546042255
C167,18,22,30,1546087727
C168,27,10,30,1546087727
C169,23,21,30,1546087727
C170,25,29,30,1546042255
C171,33,34,30,1546076424
C172,19,26,30,1546024033
C173,28,19,30,1546024033
C174,32,32,30,1546076424
C175,3,3,30,1546020736
C176,5,35,30,1546057335
C177,11,35,30,1546047047
C178,17,16,30,1546057335
C179,13,38,30,1546076424
C180,30,27,30,1546024033
C181,13,39,30,1546019173
C182,29,12,30,1546042255
C183,18,3,30,1546057335
C184,34,25,30,1546024033
C185,15,31,30,1546105047
C186,16,29,30,1546020736
C187,4,33,30,1546019173
C188,38,37,30,1546019173
C189,36,18,30,1546042255
C190,28,27,30,1546076424
C191,23,11,30,1546076424
C192,33,31,30,1546019173
C193,27,11,30,1546042255
C194,2,38,30,1546020736
C195,34,6,30,1546020736
C196,36,10,30,1546020736
C197,21,33,30,1546057335
C198,38,16,30,1546019173
C199,30,30,30,1546020736
C200,8,16,30,1546076424
